10
200
1 1 1 1 1 1 1 1 1 1 1 1 1 1 1 1 1 1 1 1 1 1 1 1 1 1 1 1 1 1 1 1 1 1 1 1 1 1 1 1 1 1 1 1 1 1 1 1 1 1 1 1 1 1 1 1 1 1 1 1 1 1 1 1 1 1 1 1 1 1 1 1 1 1 1 1 1 1 1 1 1 1 1 1 1 1 1 1 1 1 1 1 1 1 1 1 1 1 1 1 1 1 1 1 1 1 1 1 1 1 1 1 1 1 1 1 1 1 1 1 1 1 1 1 1 1 1 1 1 1 1 1 1 1 1 1 1 1 1 1 1 1 1 1 1 1 1 1 1 1 1 1 1 1 1 1 1 1 1 1 1 1 1 1 1 1 1 1 1 1 1 1 1 1 1 1 1 1 1 1 1 1 1 1 1 1 1 1 1 1 1 1 1 1 1 1 1 1 1 1 
200
1 2 3 4 5 6 7 8 9 10 11 12 13 14 15 16 17 18 19 20 21 22 23 24 25 26 27 28 29 30 31 32 33 34 35 36 37 38 39 40 41 42 43 44 45 46 47 48 49 50 51 52 53 54 55 56 57 58 59 60 61 62 63 64 65 66 67 68 69 70 71 72 73 74 75 76 77 78 79 80 81 82 83 84 85 86 87 88 89 90 91 92 93 94 95 96 97 98 99 100 101 102 103 104 105 106 107 108 109 110 111 112 113 114 115 116 117 118 119 120 121 122 123 124 125 126 127 128 129 130 131 132 133 134 135 136 137 138 139 140 141 142 143 144 145 146 147 148 149 150 151 152 153 154 155 156 157 158 159 160 161 162 163 164 165 166 167 168 169 170 171 172 173 174 175 176 177 178 179 180 181 182 183 184 185 186 187 188 189 190 191 192 193 194 195 196 197 198 199 200 
200
258 298 269 293 262 262 288 253 300 296 259 295 294 297 266 274 278 296 295 292 275 262 295 280 250 271 254 256 286 257 272 293 288 274 291 265 291 275 285 270 286 285 277 278 278 282 292 288 272 262 290 251 296 259 279 285 264 254 299 250 284 288 292 270 295 296 251 280 281 300 273 257 296 295 283 254 280 267 260 294 256 298 252 261 295 288 278 282 292 258 282 297 260 280 271 289 285 272 267 288 299 299 268 264 271 285 286 296 292 251 261 283 291 271 250 291 254 272 267 267 297 297 285 252 291 260 269 263 272 270 289 252 262 254 252 287 262 295 273 291 263 265 278 267 275 288 254 286 296 273 270 284 287 250 262 293 291 274 297 284 257 292 260 254 278 278 281 272 262 272 273 270 285 288 267 275 271 255 285 298 300 272 270 253 276 285 290 262 299 300 264 270 291 273 263 277 275 280 250 269 
33
217 280 233 298 108 149 92 286 222 108 141 276 113 273 184 103 108 273 123 185 190 117 92 170 139 273 177 221 284 259 91 135 274 
119
195 145 239 127 144 214 136 139 178 179 201 195 156 169 231 193 241 279 264 256 124 138 275 239 123 159 259 184 187 258 223 224 137 177 274 237 291 186 262 296 222 156 297 283 120 167 149 231 189 220 217 189 152 202 196 250 177 184 219 241 297 209 130 146 121 161 273 174 207 152 261 194 267 128 235 216 210 191 136 206 283 159 125 237 139 239 155 295 263 250 161 122 151 276 214 271 163 176 286 134 291 176 262 187 133 276 284 183 196 255 265 264 293 234 170 162 230 247 120 
141
259 168 242 208 174 164 171 241 268 299 209 273 265 213 252 239 203 182 217 222 211 159 200 201 277 164 184 150 161 197 234 160 270 186 248 271 262 224 204 276 268 192 153 298 234 272 173 174 196 254 196 208 260 185 281 159 239 165 235 258 256 276 288 247 271 180 213 291 292 150 299 286 154 216 239 280 229 283 260 236 182 158 179 290 255 297 284 202 171 244 164 152 239 189 221 179 280 236 225 224 297 206 193 292 241 268 284 298 193 297 193 177 224 270 248 173 197 294 282 174 153 266 273 245 285 233 206 263 196 157 242 221 223 176 260 180 278 197 203 170 163 
71
296 207 262 241 292 270 219 203 235 233 266 265 240 295 196 186 255 263 195 241 240 185 181 285 225 200 211 195 259 183 202 201 291 262 297 208 193 217 215 249 295 242 283 190 203 262 280 209 216 292 282 187 277 240 220 271 189 277 259 298 268 238 181 256 284 262 211 216 292 284 276 
4
230 224 219 218 
33
278 260 247 251 291 285 255 286 244 254 300 269 253 280 260 249 250 297 269 258 300 270 275 253 277 256 283 289 246 246 287 251 247 
45
300 282 289 296 288 289 290 290 270 296 273 293 290 291 284 293 287 290 287 278 298 278 280 275 277 283 293 292 277 276 286 288 283 296 298 276 289 287 290 285 274 294 270 299 287 
